amodel_loss:
[0.5326916158676147, 0.47348494205474856, 0.42656124119758604, 0.40029670400619505, 0.3665336845636368, 0.3526111916065216, 0.3268978645801544, 0.31484774775505064, 0.30027611005306243, 0.28318159606456755, 0.273880127453804, 0.26005356307029726, 0.25224926273822784, 0.2437695774435997, 0.23396907885074616, 0.22599523367881774, 0.2194037489771843, 0.20927087519168855, 0.20064605513811112, 0.189456358897686, 0.18503281153440476, 0.18344579685926438, 0.17752029156684876, 0.16690717689990997, 0.1620583925962448]

amodel_loss_val:
[0.21891419042514848, 0.2792006089717527, 0.3075416620019116, 0.24603236117694952, 0.26247050603733785, 0.2512536995773074, 0.25704593767848194, 0.2495817244052887, 0.24732574122616008, 0.2706644544495812, 0.23801037593732907, 0.25576387855071053, 0.25099673867225647, 0.2306637109457692, 0.2367405714113501, 0.24404121237465098, 0.22642274615885336, 0.20617571473121643, 0.20986897055106826, 0.23630531622639186, 0.21176021366934233, 0.19685328591473494, 0.1939960074952886, 0.2249183253019671, 0.19735657565201384]

pmodel_loss:
[0.6860635230938593, 0.6652656818429629, 0.6513382650557018, 0.6383014445503553, 0.6241161883586929, 0.6138427857132185, 0.6126274548116184, 0.5999535334606966, 0.5955853737181142, 0.5865834761588347, 0.5872042214586621, 0.5867819182929539, 0.5751807161030316, 0.5658766533292475, 0.5688775653640429, 0.5538965710217044, 0.5537664272955486, 0.5538993250756037, 0.5546295988772597, 0.5408911520526523, 0.5394235207211404, 0.5414996645635083, 0.5408619021375974, 0.5307246471444765, 0.5246872694364616, 0.5301411082702023, 0.5286729910543987, 0.5166291466781071, 0.5096967967138404, 0.5083185136318207, 0.5073716723847956, 0.508204578998543, 0.5119280967684019, 0.4997898501654466, 0.4995693844698724, 0.49709824188834145, 0.5044517272285053, 0.4913731974860032, 0.4882961694328558, 0.4997394478746823, 0.48152435038770947, 0.4795233527464526, 0.48305588747773853, 0.4714572967163154, 0.4692788849629107, 0.4780227909130709, 0.4731567757470267, 0.4691898459125133, 0.4667651190289429, 0.47745649693977266, 0.4530803029026304, 0.46536030070412726, 0.4596341074932189, 0.4602245037399587, 0.4611045686261995, 0.45154490925016855, 0.45576492980832145, 0.4482056439987251, 0.4494555800088814, 0.4497644805482456, 0.4488627082180409, 0.4505953516456343, 0.4427353848836252, 0.4439260642088595, 0.4503622917192323, 0.4428363134641023, 0.44660478989992825, 0.43809134388963383, 0.4314321068425973, 0.4336275435274556, 0.4347017469505469, 0.4295199566653797, 0.43648669301044374, 0.42609685180442675, 0.43632014468312263, 0.4100124103327592, 0.4311390295624733, 0.4358947028716405, 0.42068321559400784, 0.4273146658781029, 0.4203589844206969, 0.4321389718069917, 0.4224762698369367, 0.4209927297419026, 0.42022656879964326, 0.42415442246766316, 0.4146909083993662, 0.41819388375041033, 0.4159021278222402, 0.40657648843313965]

pmodel_loss_val:
[0.6746229046867007, 0.6224517027537028, 0.6145021745136806, 0.6184838783173334, 0.6705965201059977, 0.5807153128442311, 0.5783219961892991, 0.5868125784964788, 0.6321995882760911, 0.5805595446200598, 0.5913297647521609, 0.5541407125336784, 0.5720888191745395, 0.5502658585707346, 0.5497793356577555, 0.5422311496166956, 0.5398787004607064, 0.546538260721025, 0.5864769646099636, 0.5377517172268459, 0.5299862225850424, 0.5379616305941627, 0.5359312153997875, 0.5559211146263849, 0.5216724290734246, 0.541824901387805, 0.5419876859301612, 0.5260596828801292, 0.5213364022118705, 0.5035222825549898, 0.5008833706378937, 0.5224832211221967, 0.5239198605219523, 0.49635030684017, 0.5752451249531337, 0.49061645638375057, 0.5072802163305736, 0.4957712008839562, 0.4899668026538122, 0.520916040454592, 0.5056142069044567, 0.49039434109415325, 0.5089521833828518, 0.48946005531719755, 0.4941782383691697, 0.4846466538451967, 0.4653914145060948, 0.4804457269963764, 0.48277598761376883, 0.5005590035801842, 0.4732676928951627, 0.4741343472685133, 0.5076152639729636, 0.4736040560972123, 0.4796128599416642, 0.5372182286921001, 0.48637588960783823, 0.47852192180497305, 0.48285803340730216, 0.4816098851816995, 0.46621001902080716, 0.48605266355332877, 0.45494504343895686, 0.47114012354896184, 0.46260163329896475, 0.48875717180115835, 0.4724035021804628, 0.4472455850669316, 0.46564547362781705, 0.4575964623973483, 0.46730696019672213, 0.4800386641706739, 0.4689185463246845, 0.4623857821737017, 0.4613202072325207, 0.4514558684258234, 0.5026946380024865, 0.4491105278333028, 0.45297181606292725, 0.45770545090947834, 0.4593804663135892, 0.4473307856491634, 0.4447876314322154, 0.4648273615610032, 0.4691224864550999, 0.4559472089722043, 0.46875713978494915, 0.4565697880018325, 0.448202242453893, 0.46655119742665974]